UAV_1 = [-0.0, -0.0, -0.0, -0.6858974358974359, -0.8012820512820512, -0.8846153846153847, -0.8846153846153847, -0.8846153846153847, -0.8846153846153847]

UAV_2 = [-0.0, -0.0, -0.0, -0.9337606837606838, -0.9829059829059829, -1.0, -1.0, -1.0, -1.0]

UAV_3 = [-0.0, -0.0, -0.0, -0.9957264957264959, -1.0, -1.0, -1.0, -1.0, -1.0]